00000100000000000000000001001010
00001000000000111111110000000000
00001100000000000000000000000000
00011000001010000000000000000000
00001100000000000000000000000000
00001100000000000000000000000000
00010000000000000000000000000000
00001100000000000000000000000000
00011100000000000000100000000000
00010000000000000000000000000000
00001100000000000000000000000000
00001100000000000000000000000000
00010100000000000000000000000000
00100000000000000000000000000000
00001100000000000000000000000000
00010000000000000000000000000000
00001100000000000000000000000000
00000000000000000000000000000000
