00000100000000000000000000100101
00001000000000111111110000000000
00001100000000000000000000000000
00001100000000000000000000000000
00001100000000000000000000000000
00001100000000000000000000000000
00001100000000000000000000000000
00001100000000000000000000000000
00001100000000000000000000000000
00001100000000000000000000000000
00001100000000000000000000000000
00001100000000000000000000000000
00001100000000000000000000000000
00001100000000000000000000000000
00001100000000000000000000000000
00001100000000000000000000000000
00001100000000000000000000000000
00001100000000000000000000000000
00100100000000000000000000000000
00000000000000000000000000000000
