00000100000000000000000000100101
00001000000000111111110000000000
00001100000000000000000000000000
00001100000000000000000000000000
00011000001001000000000000000000
00001100000000000000000000000000
00010000000000000000000000000000
00001100000000000000000000000000
00011100000000000000110000000000
00100000000000000000000000000000
00001100000000000000000000000000
00010100000000000000000000000000
00001100000000000000000000000000
00001100000000000000000000000000
00100000000000000000000000000000
00001100000000000000000000000000
00010000000000000000000000000000
00001100000000000000000000000000
00000000000000000000000000000000
